latitude: 45.061749
longitude: 7.663357
altitude: 0.000000
heading: 0.000000
-

latitude: 45.062046
longitude: 7.663131
altitude: 0.000000
heading: 0.000000
-

latitude: 45.062446
longitude: 7.663268
altitude: 0.000000
heading: 0.000000
-

