	latitude: 45.0626625
	longitude: 7.6630775
	altitude: 0.0
	heading: 0.0
	- 
	latitude: 45.0625127
	longitude: 7.6636434
	altitude: 0.0
	heading: 0.0
	- 
	latitude: 45.0626625
	longitude: 7.6630775
	altitude: 0.0
	heading: 0.0
	- 
	latitude: 45.0625127
	longitude: 7.6636434
	altitude: 0.0
	heading: 0.0
	-